Выходные данные для программного комплекса "OLYMPUS-MVSC"
*************************************************************
Версия: 02.01 Дата: 1.05.2024

1. Геометрические параметры объекта

0,1 - радиус шара, м


2. Физические параметры объекта

238,2 - коэффициент теплопроводности, Вт/(м*К)
2712 - плотность, кг/м^3
951,3 - теплоемкость, Д/(кг*К)
350 - начальная температура, К
280 - температура окружающей среды


3. Параметры алгоритма

1E-20 - точность вычислений
20 - количество узлов вдоль R-оси
20 - количество узлов вдоль t-оси
50 - количество итераций


4. Управляющие параметры

4 - шаг вывода результата


5. Числа подобия

№ Шаг Число Фурье Таблица температур
1 4 0,0369312975536969  0,993256633521389 0,992772882243898 0,991239467786846 0,988404181326248 0,983828461442436 0,976869363692409 0,966654502534944 0,95208205346346 0,9318366998272 0,904446929967112 0,868388818552939 0,822239597761646 0,764873523321383 0,69567998445703 0,614772269908052 0,523147614351221 0,422759150443768 0,316469780091388 0,207876439513539 0,101017443212396 0
2 8 0,0738625951073938  0,859297351775426 0,857004997072584 0,850095566176397 0,838476174540003 0,822005870365209 0,800515719728796 0,773835448841347 0,741825207309045 0,704410271011878 0,661616337908106 0,613602450099062 0,560688501167198 0,503374311375178 0,442347628459655 0,378479114883432 0,312803390938634 0,246486421739085 0,18078090379961 0,116972490163179 0,0563208326196522 0
3 12 0,110793892661091  0,644993081194355 0,642649476948214 0,635635587756926 0,6240030869633 0,607841003661948 0,587279733155235 0,562495979196683 0,533718017738944 0,501230582274185 0,46537863791793 0,426569339896954 0,385271562584067 0,342012533132851 0,297371299718391 0,251968994251795 0,20645609549364 0,16149714048072 0,11775354931631 0,075865401124194 0,0364331112005409 0
4 16 0,147725190214788  0,459546790972936 0,45773108782663 0,452306602837047 0,44334110444682 0,430947170309749 0,415281564562416 0,396544237282862 0,374976834233556 0,350860595437884 0,324513525739674 0,296286739680627 0,266559915957343 0,235735841310444 0,204234076793294 0,172483836969632 0,140916230184167 0,109956060979375 0,0800134395831588 0,0514754743773142 0,0246983385396668 0
5 20 0,184656487768484  0,321882174410908 0,320576847288292 0,316679174561946 0,310243828801994 0,301361086071672 0,290155557718141 0,276784414607033 0,26143510683867 0,244322587198398 0,225686054434474 0,205785242873678 0,184896297536936 0,163307288192819 0,141313430846731 0,119212100005117 0,0972977285915531 0,0758567035448591 0,0551623729144369 0,0354702838807312 0,0170137700150493 0